PC_1	PC_2	PC_3	PC_4	PC_5	PC_6	PC_7	PC_8	PC_9	PC_10	PC_11	PC_12	PC_13	PC_14	PC_15	PC_16	PC_17	PC_18	PC_19	PC_20	PC_21	PC_22	PC_23	PC_24	PC_25
CB:Z:AAACGAAAGACCCATT-axillarybud2	3.17563058226789	-1.8462364333099	1.28606146866988	0.664332040163897	-0.897056997846024	-1.66769187242543	0.00440414711086648	0.482587580732226	0.685091311918444	-0.912879241150253	-0.275010477478033	-0.0497393476299595	0.202540173353719	0.251199248871879	0.210796851828173	-0.587545234921893	-0.52519208542817	0.291361798293921	-1.31573933314962	-0.283957858584301	0.552185593548832	0.455422756487877	0.151260680651862	-0.0931397598738202	0.0413144078979382
CB:Z:AAACGAAAGACCCATT-crownroot1	3.32009714564787	-1.24503870340371	1.82937017871527	0.85141122091095	-0.950817748508946	0.397267874059816	-0.0164266428829741	0.894802975244713	0.193991575260786	-0.184048598834292	-0.893450012464389	0.464590405834294	-0.433419534003615	0.202227933910411	-0.582191407520626	0.156175628523905	-0.555653469129133	-0.264767043574953	-1.17466745787	-0.0932776684664389	0.4207412347988	-0.112380341740809	-0.369249207605276	-0.913730462575963	-0.94155787432569
CB:Z:AAACGAAAGACCCATT-crownroot2	4.18863973903719	-0.243748294697459	1.25013880580096	0.664578007608762	-0.981524609296099	-1.15326859014452	0.0639494139784734	-0.0148716167083044	0.506268579173476	-0.33569674691532	-0.542624136212365	-0.183273894569612	-0.486547831355576	0.280135743132145	-0.539157881434193	-0.0839635867564736	-0.104331915542037	-0.313546866737398	-0.48413759469938	-0.450535358726829	-0.181118766229144	-0.173212988741564	-0.24242044333447	-0.316930208179756	-0.122798958450501
CB:Z:AAACGAAAGACGCCAA-Leaf2	-0.580268094902735	0.337985576148962	-0.045748696073482	1.68769054026337	1.81695326690373	0.618030191453187	-0.750847561715554	0.393435429576595	0.659777062347861	-0.634579464890273	0.197756247887746	1.10932113744621	0.475899246377835	-0.4453965352588	0.151715590617665	0.0677501528906949	-0.701550729801513	-1.27225149319085	-0.671229660780081	0.593510885489601	-1.88160154846682	-1.96693436686767	-1.16040032480454	0.819795513352215	1.18118763599665
CB:Z:AAACGAAAGCGAATAT-axillarybud2	1.66846506510307	-2.72712038114177	0.820923241117179	0.348764677986647	-0.989072371623265	-1.06837143517933	-0.904493055134289	0.256392899482263	0.963115366844917	0.452126229934213	0.609379718634035	1.07994661164937	-0.44179251459017	-0.146773226568979	-0.691648711629792	1.19390109847014	-0.40351540548293	1.46608504051609	-1.26775906851255	0.0634824170062744	0.559394584003162	0.269994742447956	-0.929197802496584	-0.107195940720172	-0.0750317801154834
CB:Z:AAACGAAAGCGAATAT-crownroot2	3.61807776201515	0.523150782955813	-0.104834028181179	-0.814935035877662	-1.269210430175	-0.976065924360165	-0.17720284950738	0.975606107792937	0.505116824481177	-0.168244395796562	1.00354005268765	0.587068573463289	-1.11972235846196	-0.946199755104356	-1.24228572213398	0.700408922829093	-0.0780194941040479	0.425760081811193	-0.201717168317493	-0.384941788144493	0.0407027130148797	-0.198833849054367	-0.302995821887741	-0.263694920832443	-0.130528279112351
CB:Z:AAACGAAAGCGTTAGG-crownroot1	-1.10748321646617	-1.94506024642123	-1.67941321650272	-1.70158390094823	0.453423238261674	-0.498773046546395	-0.511784781020998	1.45372898651369	-0.388724501134857	0.204487345048765	1.33904943981958	2.40064588853801	-0.103155958701487	-0.782793296743383	0.0151459629807768	0.382057313819294	-0.245089083797223	0.311832630455633	0.184069644524471	0.603706902999564	1.07776039940478	-0.0942575854281846	0.273104280384018	0.354107070918327	0.00499973004229007
CB:Z:AAACGAAAGCTGATTC-Leaf2	-1.29907220199764	-1.4468897989512	0.0359043783493976	0.980523325261097	1.89282242777585	-0.477350819055523	-1.11800243949885	0.400806848176582	-0.181821802915052	-0.281687228053569	1.04005714864254	0.658647744403026	1.14459541046812	0.743403287268605	1.26565500196889	-0.230482625184421	0.622212430818633	-0.187083358194621	-0.706508726763972	-1.23124468527541	0.30206807373395	0.156308977110565	-0.23214578656431	-2.43696052473874	0.586244943216054
CB:Z:AAACGAAAGCTGGAGT-Root1	1.6721211673798	-3.44155432116366	-0.586558705937993	1.34070874381525	-1.63748371813756	1.20007634436177	0.427135075802817	-0.405297919052154	0.905912807623165	-0.25858977861095	0.24125860152916	-0.63505640606707	-0.342636275246133	0.301366065298385	0.0698251090598786	0.114685775834356	-0.224334960169316	-0.286484805456281	0.129230612256225	-0.349693608756267	0.428442172785953	0.189859674422914	0.595349714409535	-0.0216174423798215	0.573336076398005
CB:Z:AAACGAAAGGAAGAAC-Leaf2	-1.74941649541162	-0.778025992320224	-0.0355780862702616	-0.0733624835115253	2.36492838716958	-0.366042268112876	1.57675184595867	0.178770281435351	0.919831788904803	0.0772683404163453	1.12050338844032	0.54162121765902	-1.27055009015761	-0.125468684030039	-0.340694771857299	0.156814897143096	-0.989169905857196	-0.948925920049104	1.29969510499489	0.295672287634599	0.440252796536286	-0.443040324570514	-0.231243233727113	-1.9280299399109	0.307437859493315
CB:Z:AAACGAAAGGAGACTC-Tassel	-0.640495216988358	-1.01719855384525	2.28297221732871	1.36559812036204	-1.52443505785153	0.730607933436343	-0.740661574873461	1.13732046441501	0.848544591899102	0.969403032093951	-0.991958661338044	-0.408215684653546	-0.643982241803734	0.212182828690148	0.530655925530645	0.41755879647218	-0.448355058802734	-2.24057633456658	-0.667507269665578	0.288715436234049	0.552473554270681	-0.547789764418759	0.587365257655916	0.392587646591141	-0.444810386172339
CB:Z:AAACGAAAGGGTCTGA-Leaf2	-1.40570430053202	-1.15261639943839	-0.149789049852869	0.942757012578758	2.47703384852336	-0.71411691931148	-0.495585917144173	-0.330472525368433	-0.401660982070509	-1.67421720503527	1.18937188524656	-0.136276436789176	0.373482400348997	0.376257477228909	0.597191386466048	1.16454698535424	0.0844718966015246	-0.565180324829504	-0.72545452491811	-0.108567627637539	1.25647793928318	-0.394665049041863	1.11045614557347	0.260892054235967	-1.57863176947168
CB:Z:AAACGAAAGTACCACT-crownroot2	3.03158440605462	1.93249596632879	0.843346640311155	-1.62771349692673	-0.179599695364952	-1.09491931449094	0.111223918759214	-0.543260358350481	-0.198885137747599	-0.551693054830049	-1.71232107302392	-0.269120159534822	0.963260857684027	-0.671844465897041	-0.192701532050249	-0.0344449683120459	-0.241412149494148	-0.536891064781763	0.102377881762575	0.103386474067316	0.93516436066221	-0.275453654992095	0.232049571928953	0.0601287230638139	-0.184758674825839
CB:Z:AAACGAAAGTACGCGA-crownroot1	2.2698265138443	0.894437374196232	0.211598530228643	-1.51685590001946	0.395511386335945	-2.11437375937427	-0.361465450407935	-1.10619210347842	0.59771475935015	-0.555012484005011	-1.58178463902645	-0.335017029457794	-0.645453192662076	0.0638826215598968	-0.624541722096812	0.373772974316794	1.07593871559163	1.58604544555216	0.0247256801914742	0.884808561324061	0.216254361091564	-0.267203350645096	-0.39044072034872	0.0305142075891999	0.873309220349996
CB:Z:AAACGAAAGTAGTTCC-crownroot1	-0.411078166271274	-1.29105827067924	0.759022796044217	-0.158889370380709	1.60673425273498	-0.627165730792084	-0.086648853731268	-0.294245068394587	-0.913208824650837	1.28577421387237	0.889596872211089	0.407142941931752	-1.44575810363587	-0.0741567362883871	0.0978575479256913	-0.334689576309783	0.570840891526043	0.51026250698861	-1.76130724623796	0.66405430650037	-1.73303160863735	-0.227822190020643	1.90082913686769	1.28529158872472	-0.618347309297531
CB:Z:AAACGAAAGTCAGGAC-crownroot1	1.68996107666412	1.08968238398897	0.445381645631457	-0.830516046909918	-1.26585088813642	2.36341103348096	-0.0434889507253415	-0.400354164091177	-0.457205634442185	-0.022989972773063	-1.17756926764996	1.0037109727194	1.15339093038544	0.194410817577391	0.46260505167519	-0.857756047474765	1.02525866932716	-1.32048725987812	-1.69174816290616	-0.544334052705287	-0.571920019920631	0.234992416368199	0.314404578848629	-0.241610539206091	-0.551378569847778
CB:Z:AAACGAAAGTCTGTGT-crownroot2	-1.23563600777174	-2.37574094924228	-1.37989481443299	-1.85992099872202	1.18507269564969	-0.0466072217173524	-0.208308703791621	1.38314234796977	-0.450051067065928	0.633515785438819	0.551374039904399	2.00594781544055	-0.706175337271482	-0.380908254722441	-0.561633635433956	-0.212113666399909	0.200174103798006	0.585679658400632	0.235192568321641	0.744448971500284	-0.149391170681111	0.662377024959184	0.467112082976173	0.257905885728951	0.654438847164727
CB:Z:AAACGAAAGTTGCGCC-crownroot1	2.98407088034633	1.14093406704572	0.609769332554201	-1.13632861898167	0.421894669509276	-1.75688528298465	0.141161329109536	-1.34736188629129	0.0716717049676204	0.0718181657472675	-1.28720994138428	-0.674040395684867	-0.300733594272924	0.1276250204286	0.91278103726398	-0.791938117465162	0.518389931981902	0.905550602668121	0.185864041656834	-0.149351926631419	-1.31117480252205	0.438277614322596	-0.0425906550159527	0.485639514306244	-0.217832690673957
CB:Z:AAACGAACAAACCGAG-crownroot1	-0.331775078347313	-2.16565479431599	-2.15808973384481	-0.752967292775288	-1.03862578798286	0.210935772960369	-0.164932335090689	1.72393345575663	-0.560551275328394	0.551346962713407	0.488000874229332	2.46132895776209	0.669056206396641	-0.569084178141833	1.18561780975941	0.149410273218855	-0.00748921213483023	0.603723242163617	0.437815469204173	-0.0629197480766849	-0.0779026013169407	-0.0295156614775866	-0.0553777440423521	-0.396018028436301	-0.110265552852645
CB:Z:AAACGAACAATACTGC-crownroot1	0.0499435024798488	-1.07175621694557	1.22788500264802	0.174246762709217	2.85965177472227	0.000577511185590861	-0.771792294698554	0.266634810209426	-1.66563119722715	0.515121714304629	1.48633073563955	1.13028709666957	0.217769048421018	0.747241448722293	0.1637330276747	-0.308490726069924	-0.525822436171546	-0.00832180998813059	-1.19496355686789	-1.12196875642824	-0.713593873269266	-1.15152861387776	0.228250662617456	-0.597903843081254	0.0641002266216901
CB:Z:AAACGAACAATGTGCT-B73Mo17	-1.64740400574227	0.749737261904889	-1.34694267495987	1.10330159079688	0.455558291245113	-0.24184001831617	2.75475769796737	0.119895378066959	-0.897259635122943	0.294059386329663	-0.24554025744997	-1.49146236428321	-1.06294701153931	-0.137896137172978	0.361438237714156	1.80851855369891	-0.194016762284139	1.02603762264371	0.0218980354999033	0.176091945171827	0.0899811496496447	-0.459364255939812	-0.433257430419156	-0.751962784648102	-0.0513818128110817
CB:Z:AAACGAACACATAAAG-Leaf2	-0.734793076700061	-0.121782571858364	-0.9354730973614	2.24164094765034	1.7824809722214	-0.360572595767528	-1.19755759331271	-0.65598856086293	1.05169981807085	-0.598350540360382	0.659396507445193	0.58404345262862	0.103129736343285	-0.171874333935347	0.101594220576212	-0.536656307322485	-1.9385104025939	-0.808537387973307	0.983869142136577	0.776572034858514	0.256377563455868	-0.989678408590089	-0.954425556894507	1.35838006077348	0.105015977372682
CB:Z:AAACGAACACCAAGGA-Root2	0.748517466156956	-3.9552431032987	-1.15315725120935	0.128315209065347	-0.783301512598621	0.457045542661865	0.243848713368174	-0.0804722175256239	-0.105763324364389	-0.252330161069935	-0.420106959118143	0.497392964206093	0.75580170464381	-0.332805554849847	1.23803195517558	0.158732904359929	-0.0554578491786382	0.270457104494149	0.266892900701615	0.223804107812456	-0.298808207825214	0.747012158403404	-0.254374307324687	0.981058440253376	0.974909277060398
CB:Z:AAACGAACACTGAAGG-crownroot2	2.66592519269779	0.203001504676676	0.695436099967724	-1.23324177874519	0.892490633537225	-0.691863804419962	-0.181765311479922	-0.320221468357622	-0.662838777431786	-0.0579055149963745	0.273533634369188	-0.278920415898546	-1.97405321444777	-0.147723411731931	-1.0637590853057	-0.673402158840084	-0.561272123931157	-0.226678765875893	1.88501526046712	-0.134313392829531	1.39288494404619	-0.366157923201508	0.0211271388578749	1.03932730300341	-0.494624564130221
CB:Z:AAACGAACAGATTAAG-crownroot1	4.06639100973782	0.6700831068151	0.604589434018276	0.537739218031313	-0.833741950468875	0.0300483242875296	-0.52862864462852	0.0192527061650531	-0.0694387791354028	0.616730722681269	0.430419320923648	-0.270461613988692	0.106728768183777	-1.68566340966975	0.174020234697468	0.0712151056413964	-0.506964753260365	-0.310206718074025	-0.467233517832767	-0.29805604111239	-0.262068739956372	-0.606154163774916	-0.601610693520336	-0.469173764208716	-0.417815161551527
CB:Z:AAACGAACAGCAACGA-B73Mo17	-0.899519734951453	0.122827129923065	-1.27583734376996	0.0930128126637947	0.404104400603392	-0.133267052173876	4.13624881628262	-0.70232797447073	1.37091295062096	0.586212975663294	-0.0521332667071788	0.199805292237507	0.0785286981468521	-0.0167482326768072	-0.409533767375408	-0.200457312629318	-0.288027989650143	-0.432969953755101	-0.432115526405377	-0.332110272819421	-0.508408349708306	-0.389504979581627	-0.369477720125565	-0.198841104578539	-0.350372494762665
CB:Z:AAACGAACAGCGTGAA-crownroot1	-0.279294595974341	-0.140740109798949	0.541718185331472	-0.487023399688782	-0.306102101130364	0.801988183661799	0.64669378912567	-2.07701386188085	-0.000948976685465284	0.218041785658699	-1.37031308594628	1.4715904641378	-0.938827492641841	0.174673515503717	0.623224373385062	-2.52826157710062	1.51094403482392	-0.348654240641018	-0.522193168741196	0.411526593971838	1.66033114663527	0.38494505303167	-0.12925971296241	0.098789515740403	0.584165682184801
CB:Z:AAACGAACAGCTATAC-crownroot2	3.03557711874897	-0.924445481398284	-1.26620364892385	-1.11750485249242	-1.23756096014792	0.521830774400402	0.191743910618804	0.43786811042047	-0.215975290162724	-0.88132917810116	0.931777760272097	-1.13241585275112	0.70528990181165	2.16818394314713	0.174122527217219	-0.0537553380223892	-0.0822580779966627	-0.305285491460703	0.290612428691367	-0.272245096781797	0.216846906786231	-0.342250527243947	-0.391630835859883	-0.510829897648604	0.0598371468771279
CB:Z:AAACGAACAGGCATCC-Root2	0.074478648747356	-3.20785649876235	-0.896804101126786	0.0331648297610648	-0.888160792567376	1.64921016936327	-0.0679457172841487	-0.590434547120225	1.00210959764951	0.825726061123745	0.263436761897169	-0.481736021970426	0.259204476769111	-2.05550373964528	0.566849950817658	0.0229429972852025	1.03681967897397	0.0809552313686783	-0.196991405299099	0.356957927465091	0.479176995910437	0.64216917542444	0.138593203401023	0.287781438928963	0.66585567888901
CB:Z:AAACGAACAGGTAGGT-Root1	-1.04607809237679	-1.54270417469592	-2.06456224379431	-1.5514348190385	1.38340106593984	1.87663186425716	0.574433719533596	0.103235859181505	-0.611744581862221	-0.136722442671446	0.832117234665461	0.162325376316782	-0.790381894180459	-0.43792700762176	0.963411737970456	0.298446575096615	0.751419698434755	0.204446174402015	1.22271057434435	-1.21213707071142	-0.213762113048352	1.02768062856572	0.174300546788622	0.48086028208609	-0.447966897581781
CB:Z:AAACGAACAGGTAGGT-Root2	-0.750613543900978	-2.49911344870253	-1.69717814948241	-1.03239732254845	0.522276127537913	1.77692151850872	0.133331646840513	0.381584542404742	-0.653526576804842	-0.208654318596413	0.820995621165731	0.488441646514445	-0.121057647630907	-0.228475222617385	0.972918076895603	-0.366189712641401	0.746531931533235	0.375727946330981	1.04399100448829	-1.64067531487581	-0.447014122839579	1.17349347602536	0.325510528894568	0.974177545310614	-0.0910062318100103
CB:Z:AAACGAACAGTAAGCG-B73Mo17	-0.519853471832618	0.763990447319716	-1.72146678313003	2.83815446536551	1.21919764414367	-0.0272560087647119	-1.41083910758609	-0.348350449245299	0.45519445410469	-1.73463260480947	-0.15822353924803	0.629459001949392	-0.800178563296045	0.426228193731177	-0.62343801463611	0.116515742925341	-0.431697445949221	-1.28728400686074	0.201041545916249	-0.168212998445546	0.893610506417615	0.668891848804794	0.174782793378764	0.175474458798681	0.668891890948312
CB:Z:AAACGAACAGTAAGCG-Ear	-1.50454640679866	0.740953354240062	-1.6314615983586	2.41439815203176	1.34999006292359	-0.0302264528613231	-1.45894700263013	-0.223398804045142	0.726008839217341	-1.89235898011325	-0.108998129001432	1.24350584017952	0.091987491263907	0.434960900968926	-0.185256167788468	0.137608128300429	-0.796069207534939	-0.839250996631075	0.705180358441739	-0.0338878500107942	0.226470797688858	0.282051153323786	-0.598765232519931	0.466125377783854	0.483926371929976
CB:Z:AAACGAACAGTAAGCG-Leaf2	-1.66892274964857	1.74267209692785	-2.50081647316975	0.939046324592375	2.10294623014202	0.533707547766369	0.164173640070607	-0.748463070676217	1.29704613039985	-0.99349066301207	-0.143875496608269	0.710406805084108	-0.188502053107318	0.366896071308376	-0.504633790086135	0.00500103536165817	-0.391123657892236	-1.23703841928455	0.168977117072602	-0.158399795872968	0.375949981530235	-0.000447704139909239	-0.192865041890334	0.44441137422069	-0.122655439088413
CB:Z:AAACGAACAGTAAGCG-Tassel	-0.598380126236129	0.926094571950693	-1.10934802577447	2.6640716299193	1.11703690973224	0.417504715742877	-1.7719617995292	-0.545152607366351	1.14217059183138	-1.7013859364956	-0.403475632186189	1.01575661793601	-0.113282808936672	0.663481428468988	-0.516846823462313	0.484781073106433	-1.30307740805389	-0.868512129531906	0.173424719216452	0.275560149996856	0.740150745397439	-0.14415469894995	-0.195849695024996	-0.0690062685898453	-0.279599193161154
CB:Z:AAACGAACATGGGACA-Root2	0.220509718187604	-2.73765872732706	-1.38052231144245	-1.1389240456109	-0.241941886830515	1.84268985232028	0.234305145647264	0.212871681379027	-0.294665181370649	-0.342726311425553	-0.892649365154598	-0.174059518636743	0.73925566305559	-0.652978253978623	1.30856776394833	-0.801174239432672	-0.169547235890822	0.595767837616513	0.795349334458035	0.413125132009457	0.354158805273031	0.308294899274111	-0.76369715444644	1.1111914645908	1.45445693378699
CB:Z:AAACGAAGTAACGGAC-B73Mo17	-2.68638738793909	-0.374345101659093	1.58048367639941	1.35241699068343	-2.19315024368934	-0.111638696727117	0.775099295981943	-0.688554064008384	-1.09598159223937	-0.328784921173674	-0.23347012681754	0.0434829459587102	-0.29740828260324	0.803553757689829	0.256522229095259	0.986343350393188	-0.202212528599265	-0.00155806845474352	0.347091484210859	-0.272933616997808	0.16615304595207	-0.403337413880674	1.26382861883115	1.10052406261732	0.214262586976163
CB:Z:AAACGAAGTAACGGAC-Ear	-3.37016780982058	0.680853932879428	1.568353535128	-1.17340178427434	-1.83544011125174	0.755666069464486	0.526114285346156	-0.680951896380401	0.501804367263957	-0.656235627645903	0.171460439255402	0.862697568975651	0.130802462338902	0.456103391920379	-0.643308759207055	0.675748723593239	-0.385683372341276	0.672048040175442	0.342062947871544	0.0797760250286807	0.143345051923821	0.35663316681802	0.284276479234692	0.349270214607976	0.188172659095509
CB:Z:AAACGAAGTAACGGAC-Tassel	-2.73567864746872	-0.462269274651906	2.89708518860626	0.436028312828377	-1.77166381776941	-0.312234712609516	-0.241977190438633	-0.738625414054724	0.602048765010419	0.118623028885902	-0.43890587965473	0.920933444234151	-0.0120666085710785	0.41601825552292	-0.292550730177367	0.666867777687186	-0.147639734621561	0.282179383765134	-0.153347390161803	-0.420002472766506	0.879548125812695	-0.5254847601322	0.283070113489798	0.525762025599806	0.224282211635512
CB:Z:AAACGAAGTAACGGTG-Ear	-2.173393510982	-1.4176539229945	2.73817279574768	0.363095885246956	-0.381499983117886	0.962553851665598	-0.454940398127075	-0.848378970146596	-0.24449109330939	0.0849879906882251	-0.0588986742559042	0.117687115223219	-0.00517648050335139	0.118262095849434	-1.22646659745061	0.160307551908587	-0.933398089823055	0.922643205643363	-0.325405140181456	-0.647621669770553	-0.0906463914022228	0.121134496887866	0.916015358832969	1.50385570630534	0.799254868065366
CB:Z:AAACGAAGTAGCGAGT-Leaf2	-0.850716339839539	-0.0766232946360313	-1.24975528451773	0.0668636459144796	0.67335329756614	-0.277759707415543	3.95906179853286	-0.721723890840629	1.47439745353828	0.692671185164013	0.130784625401934	0.244408998943193	0.293020190334576	0.107450725083221	-0.572502779175643	-0.233228169810681	-0.393867697488796	-0.637223929222668	-0.744188312695312	-0.237370220136656	-0.384126481391468	-0.277112544918453	-0.381693891154798	-0.152834984757539	-0.451284392477206
CB:Z:AAACGAAGTATTCGCA-crownroot1	3.78039421129411	0.604798044903526	1.07225731271229	-0.692269377882904	0.219934903695019	1.17904475508851	0.334709242384123	0.217428516980283	-1.16205430018639	-0.252563038461652	-0.463709078091187	-0.184832535904857	-0.286499383537923	0.439986503163116	0.0416350756968992	-0.937247953317068	-1.38694409935295	-0.189016398072774	-0.216265875983552	-0.544537793823782	-0.725999321924325	0.0474850573158946	0.00804860605698805	-0.283935801194961	-0.619847271556433
CB:Z:AAACGAAGTATTTGCG-crownroot2	3.58385306817648	1.81550174970529	1.15699400569035	-0.863847400149484	-0.436262149523126	0.987340042308041	0.0648931259303701	-0.512386894152303	-0.244049264516858	0.222862566495218	-0.597912207987374	-0.397924772116346	-0.0324796313831221	-1.08860072663156	-0.119924179707439	-0.878623579408602	0.169834608839391	-0.37910357937376	-0.939919920424259	-0.156152897503341	-0.535838863572877	0.0493745627312612	-0.149353046619378	-0.57754621285392	-0.140728403952658
CB:Z:AAACGAAGTCATTGGT-Leaf2	-0.468229832432899	-0.474901777079969	-0.448089845410732	0.736641982712589	2.15625740498054	-0.195426090415735	1.83635482855372	-1.79048336064549	-0.301391497571808	0.532799186031347	0.388329828841517	1.49474504730858	0.362142787941628	-0.992254802707501	-0.804282168964334	0.0802792921461963	-0.414901052362728	1.1291376386232	-1.42661474448743	-0.747298965870781	0.590712816410988	-1.26789003704046	-0.486605288075641	-0.315801032615075	0.826769682130274
CB:Z:AAACGAAGTCGAGAAC-crownroot1	2.30802994456052	0.999008223641448	1.55607550093016	-0.854487575474992	0.19816533866761	-1.14787265016418	0.105238461736423	1.93401337927753	0.624868326467314	-0.973010108831085	-0.365142192494587	-0.829370217410999	0.15814850015245	-1.52507908071779	-1.6868565810314	0.358395489948654	0.980374562474816	-0.356880702913919	-0.0881682734649623	-0.549721170066409	-0.250668209596382	-0.0769716241555818	-0.11090598727288	0.226216586348467	-0.633399940610225
CB:Z:AAACGAAGTCTGCACG-crownroot2	0.664261154175737	-2.49241246336046	0.851217465473284	0.708785639259596	-0.106881954368534	-2.10032815959463	-0.483214908443191	-1.11055290107781	0.636354288422836	0.603158357883387	-1.6721288264842	1.91559148018858	-0.252205517716362	0.286071871408696	0.640196624614915	-0.835536741425591	0.617512241293316	0.453124281077071	-0.144705445043911	0.105719150182954	0.726017719272622	0.74914550628016	0.00187513227695208	0.0613156023230499	0.177620403381536
CB:Z:AAACGAAGTGCAAAGC-crownroot1	2.15268488199529	0.760048502041176	1.88258217443869	-1.11512434503752	0.25057745331432	-0.778812489468862	-0.0657508132435119	1.80890123947515	0.757527124941872	-0.428904138761606	-0.455011037315561	-1.32225781317262	-0.46227789542214	-1.10802048203614	-1.94096817950556	0.684532116039197	0.559769371487474	-0.439332799850113	0.340391390521638	-0.0217742409716563	-0.718043509647605	-0.389685518318691	-0.347977463425245	0.493685282950738	-0.0967588110287289
CB:Z:AAACGAAGTGCATCAT-crownroot2	3.33576346793219	0.936193666416855	0.228805739649679	-1.92896677093672	0.408633222748582	-0.307277308207483	-0.1358818347689	0.0362139961775515	0.129124042402618	-0.264160340358997	-1.00434613422318	-0.189131705812443	-0.640148933647945	1.2858851432023	-0.54899642934431	0.164855641788235	-1.51513259309892	-0.0547255544497632	0.0900267948118798	0.0332795757492091	-1.04338350008633	0.431723181687361	0.771586176080737	0.219105821507943	-0.439045365220146
CB:Z:AAACGAAGTGCATTCA-B73Mo17	-1.21533393292608	2.51165503766632	-2.26053897895608	1.57398078127065	-0.78976951360433	-0.282062858926574	0.997809589572048	0.375666164279098	-2.07160933504334	0.685136655417103	-0.597552411689805	-0.38144219458789	-0.0631292945230167	-0.012643289651118	-0.393562680828298	0.771269388718053	-0.487434961323548	0.500435958962649	0.34660115246204	0.223954958572965	-0.0643187750553913	0.118260523750859	0.137819894891057	0.228355216461992	0.148452905090636
CB:Z:AAACGAAGTGCATTCA-Ear	-0.918052847546089	1.76548940628874	-1.50450641009227	2.40276305026748	-1.12894213916842	-0.61906434801266	0.52026203795997	0.742427685989749	-2.4776397535968	0.622808178363832	-0.927757400733965	-0.213797119831012	0.0759864048675118	0.227593647022663	-0.745515236902248	0.739019122857555	-0.490056803171825	0.487220210393838	0.494799740236745	0.139845720725185	-0.00256225014205997	0.273477765463751	0.127312892314956	0.290246618381684	0.118641828063689
